Sıra	Kod	Nota53	NotaAE	Koma53	KomaAE	Pay	Payda	Ms	LNS	Bas	Soz1	Offset
1	9	Mi5b5	E5b5	331	331	3	8	882	95	96	ARANAĞME 	0.3
2	9	Mi5b5	E5b5	331	331	1	4	588	95	96	.	0.5
3	9	Mi5b5	E5b5	331	331	1	8	294	95	96	.	0.6
4	9	Re5	D5	327	327	1	8	294	95	96	.	0.7
5	9	Do5	C5	318	318	1	8	294	95	96	.	0.8
6	9	Si4b5	B4b5	309	309	1	8	294	95	96	.	0.9
7	9	Do5	C5	318	318	1	8	294	95	96	.	1
8	9	Re5	D5	327	327	5	8	1471	95	96	.	1.5
9	53			0	0	0	0	0	0	0		1.5
10	9	Re5	D5	327	327	1	8	294	95	96	.	1.6
11	9	Do5	C5	318	318	1	8	294	95	96	.	1.7
12	9	Si4b5	B4b5	309	309	1	8	294	95	96	.	1.8
13	9	La4	A4	305	305	1	8	294	95	96	.	1.9
14	9	Sol4	G4	296	296	1	8	294	95	96	.	2
15	9	Sol4	G4	296	296	1	8	294	95	96	.	2.1
16	9	Fa4#4	F4#4	291	291	1	8	294	95	96	.	2.2
17	9	Sol4	G4	296	296	1	8	294	95	96	.	2.3
18	9	La4	A4	305	305	1	8	294	95	96	.	2.4
19	9	Si4b5	B4b5	309	309	1	8	294	95	96	.	2.5
20	9	Do5	C5	318	318	1	8	294	95	96	.	2.6
21	9	Re5	D5	327	327	1	8	294	95	96	.	2.7
22	9	Mi5b5	E5b5	331	331	1	8	294	95	96	.	2.8
23	9	Re5	D5	327	327	1	8	294	95	96	.	2.9
24	9	Do5	C5	318	318	1	8	294	95	96	.	3
25	53			0	0	0	0	0	0	0		3
26	9	Re5	D5	327	327	1	4	588	95	96	.	3.2
27	9	Mi5b5	E5b5	331	331	1	8	294	95	96	.	3.3
28	9	Re5	D5	327	327	1	8	294	95	96	.	3.4
29	9	Do5	C5	318	318	1	8	294	95	96	.	3.5
30	9	Si4b5	B4b5	309	309	1	8	294	95	96	.	3.6
31	9	Do5	C5	318	318	1	8	294	95	96	.	3.7
32	9	Re5	D5	327	327	3	8	882	95	96	.	4
33	53			0	0	0	0	0	0	0		4
34	9	Mi5b5	E5b5	331	331	5	8	1471	95	96	.	4.5
35	9	Mi5b5	E5b5	331	331	1	8	294	95	96	.	4.6
36	9	Re5	D5	327	327	1	8	294	95	96	.	4.7
37	9	Do5	C5	318	318	1	8	294	95	96	.	4.8
38	9	Si4b5	B4b5	309	309	1	8	294	95	96	.	4.9
39	9	Do5	C5	318	318	1	8	294	95	96	.	5
40	53			0	0	0	0	0	0	0		5
41	9	Re5	D5	327	327	1	4	588	95	96	.	5.2
42	9	Re5	D5	327	327	1	8	294	95	96	.	5.3
43	9	Re5	D5	327	327	1	4	588	95	96	.	5.5
44	9	Re5	D5	327	327	1	8	294	95	96	.	5.6
45	9	Do5	C5	318	318	1	8	294	95	96	.	5.7
46	9	Si4b5	B4b5	309	309	1	8	294	95	96	.	5.8
47	9	La4	A4	305	305	1	8	294	95	96	.	5.9
48	9	Sol4	G4	296	296	1	8	294	95	96	.	6
49	53			0	0	0	0	0	0	0		6
50	9	La4	A4	305	305	1	4	588	95	96	.	6.2
51	9	Mi5b5	E5b5	331	331	1	8	294	95	96	.	6.3
52	9	Re5	D5	327	327	1	8	294	95	96	.	6.4
53	9	Do5	C5	318	318	1	8	294	95	96	.	6.5
54	9	Si4b5	B4b5	309	309	1	8	294	95	96	.	6.6
55	9	La4	A4	305	305	1	8	294	95	96	.	6.7
56	9	Sol4	G4	296	296	1	4	588	95	96	.	6.9
57	9	Fa4#4	F4#4	291	291	1	8	294	95	96	.	7
58	9	Sol4	G4	296	296	5	8	1471	95	96	.	7.5
59	9	Sol4	G4	296	296	1	8	294	95	96	.	7.6
60	9	Fa4#4	F4#4	291	291	1	8	294	95	96	.	7.7
61	9	Sol4	G4	296	296	3	8	882	95	96	.  	8
62	53			0	0	0	0	0	0	0		8
63	9	Mi5b5	E5b5	331	331	3	8	882	95	96	ARANAĞME 	8.3
64	9	Mi5b5	E5b5	331	331	1	4	588	95	96	.	8.5
65	9	Mi5b5	E5b5	331	331	1	8	294	95	96	.	8.6
66	9	Re5	D5	327	327	1	8	294	95	96	.	8.7
67	9	Do5	C5	318	318	1	8	294	95	96	.	8.8
68	9	Si4b5	B4b5	309	309	1	8	294	95	96	.	8.9
69	9	Do5	C5	318	318	1	8	294	95	96	.	9
70	9	Re5	D5	327	327	5	8	1471	95	96	.	9.5
71	53			0	0	0	0	0	0	0		9.5
72	9	Re5	D5	327	327	1	8	294	95	96	.	9.6
73	9	Do5	C5	318	318	1	8	294	95	96	.	9.7
74	9	Si4b5	B4b5	309	309	1	8	294	95	96	.	9.8
75	9	La4	A4	305	305	1	8	294	95	96	.	9.9
76	9	Sol4	G4	296	296	1	8	294	95	96	.	10
77	9	Sol4	G4	296	296	1	8	294	95	96	.	10.1
78	9	Fa4#4	F4#4	291	291	1	8	294	95	96	.	10.2
79	9	Sol4	G4	296	296	1	8	294	95	96	.	10.3
80	9	La4	A4	305	305	1	8	294	95	96	.	10.4
81	9	Si4b5	B4b5	309	309	1	8	294	95	96	.	10.5
82	9	Do5	C5	318	318	1	8	294	95	96	.	10.6
83	9	Re5	D5	327	327	1	8	294	95	96	.	10.7
84	9	Mi5b5	E5b5	331	331	1	8	294	95	96	.	10.8
85	9	Re5	D5	327	327	1	8	294	95	96	.	10.9
86	9	Do5	C5	318	318	1	8	294	95	96	.	11
87	53			0	0	0	0	0	0	0		11
88	9	Re5	D5	327	327	1	4	588	95	96	.	11.2
89	9	Mi5b5	E5b5	331	331	1	8	294	95	96	.	11.3
90	9	Re5	D5	327	327	1	8	294	95	96	.	11.4
91	9	Do5	C5	318	318	1	8	294	95	96	.	11.5
92	9	Si4b5	B4b5	309	309	1	8	294	95	96	.	11.6
93	9	Do5	C5	318	318	1	8	294	95	96	.	11.7
94	9	Re5	D5	327	327	3	8	882	95	96	.	12
95	53			0	0	0	0	0	0	0		12
96	9	Mi5b5	E5b5	331	331	5	8	1471	95	96	.	12.5
97	9	Mi5b5	E5b5	331	331	1	8	294	95	96	.	12.6
98	9	Re5	D5	327	327	1	8	294	95	96	.	12.7
99	9	Do5	C5	318	318	1	8	294	95	96	.	12.8
100	9	Si4b5	B4b5	309	309	1	8	294	95	96	.	12.9
101	9	Do5	C5	318	318	1	8	294	95	96	.	13
102	53			0	0	0	0	0	0	0		13
103	9	Re5	D5	327	327	1	4	588	95	96	.	13.2
104	9	Re5	D5	327	327	1	8	294	95	96	.	13.3
105	9	Re5	D5	327	327	1	4	588	95	96	.	13.5
106	9	Re5	D5	327	327	1	8	294	95	96	.	13.6
107	9	Do5	C5	318	318	1	8	294	95	96	.	13.7
108	9	Si4b5	B4b5	309	309	1	8	294	95	96	.	13.8
109	9	La4	A4	305	305	1	8	294	95	96	.	13.9
110	9	Sol4	G4	296	296	1	8	294	95	96	.	14
111	53			0	0	0	0	0	0	0		14
112	9	La4	A4	305	305	1	4	588	95	96	.	14.2
113	9	Mi5b5	E5b5	331	331	1	8	294	95	96	.	14.3
114	9	Re5	D5	327	327	1	8	294	95	96	.	14.4
115	9	Do5	C5	318	318	1	8	294	95	96	.	14.5
116	9	Si4b5	B4b5	309	309	1	8	294	95	96	.	14.6
117	9	La4	A4	305	305	1	8	294	95	96	.	14.7
118	9	Sol4	G4	296	296	1	4	588	95	96	.	14.9
119	9	Fa4#4	F4#4	291	291	1	8	294	95	96	.	15
120	9	Sol4	G4	296	296	5	8	1471	95	96	.	15.5
121	9	Sol4	G4	296	296	1	8	294	95	96	.	15.6
122	9	Fa4#4	F4#4	291	291	1	8	294	95	96	.	15.7
123	9	Sol4	G4	296	296	3	8	882	95	96	.  	16
124	53			0	0	0	0	0	0	0		16
125	9	Sol4	G4	296	296	3	8	882	95	96	Kim	16.3
126	9	Re5	D5	327	327	1	4	588	95	96	se	16.5
127	9	Do5#4	C5#4	322	322	1	8	294	99	96	ye 	16.6
128	9	Re5	D5	327	327	1	8	294	99	96		16.7
129	9	Mi5b5	E5b5	331	331	1	4	588	99	96		16.9
130	9	Re5	D5	327	327	1	8	294	95	96		17
131	9	Re5	D5	327	327	5	4	2941	95	96	et	18
132	53			0	0	0	0	0	0	0		18
133	9	Do5	C5	318	318	3	8	882	95	96	mem 	18.3
134	9	Re5	D5	327	327	1	8	294	99	96	şi	18.4
135	9	Mi5b5	E5b5	331	331	1	8	294	95	96		18.5
136	9	Re5	D5	327	327	1	8	294	99	96	kâ	18.6
137	9	Do5	C5	318	318	1	8	294	99	96		18.7
138	9	Si4b5	B4b5	309	309	1	8	294	99	96		18.8
139	9	La4	A4	305	305	1	8	294	99	96		18.9
140	9	Sol4	G4	296	296	1	8	294	95	96		19
141	9	La4	A4	305	305	5	4	2941	95	96	yet 	20
142	53			0	0	0	0	0	0	0		20
143	9	Mi5b5	E5b5	331	331	3	8	882	95	96	ağ	20.3
144	9	Mi5b5	E5b5	331	331	1	4	588	95	96	la	20.5
145	9	Mi5b5	E5b5	331	331	1	8	294	99	96	rım 	20.6
146	9	Re5	D5	327	327	1	8	294	95	96		20.7
147	9	Re5	D5	327	327	1	4	588	99	96	ben 	20.9
148	9	Do5	C5	318	318	1	8	294	95	96		21
149	9	Do5	C5	318	318	1	4	588	99	96	ha	21.2
150	9	Si4b5	B4b5	309	309	1	8	294	95	96		21.3
151	9	Do5	C5	318	318	1	4	588	95	96	li	21.5
152	9	Re5	D5	327	327	5	8	1470	95	96	me  	22
153	53			0	0	0	0	0	0	0		22
154	9	Re5	D5	327	327	1	4	588	95	96	SAZ	22.2
155	9	Mi5b5	E5b5	331	331	1	8	294	95	96	.	22.3
156	9	Re5	D5	327	327	1	8	294	95	96	.	22.4
157	9	Do5	C5	318	318	1	8	294	95	96	.	22.5
158	9	Si4b5	B4b5	309	309	1	8	294	95	96	.	22.6
159	9	La4	A4	305	305	1	8	294	95	96	.	22.7
160	9	Sol4	G4	296	296	3	8	882	95	96	.	23
161	53			0	0	0	0	0	0	0		23
162	9	Sol4	G4	296	296	3	8	882	95	96	Kim	23.3
163	9	Re5	D5	327	327	1	4	588	95	96	se	23.5
164	9	Do5#4	C5#4	322	322	1	8	294	99	96	ye 	23.6
165	9	Re5	D5	327	327	1	8	294	99	96		23.7
166	9	Mi5b5	E5b5	331	331	1	4	588	99	96		23.9
167	9	Re5	D5	327	327	1	8	294	95	96		24
168	9	Re5	D5	327	327	5	4	2941	95	96	et	25
169	53			0	0	0	0	0	0	0		25
170	9	Do5	C5	318	318	3	8	882	95	96	mem 	25.3
171	9	Re5	D5	327	327	1	8	294	99	96	şi	25.4
172	9	Mi5b5	E5b5	331	331	1	8	294	95	96		25.5
173	9	Re5	D5	327	327	1	8	294	99	96	kâ	25.6
174	9	Do5	C5	318	318	1	8	294	99	96		25.7
175	9	Si4b5	B4b5	309	309	1	8	294	99	96		25.8
176	9	La4	A4	305	305	1	8	294	99	96		25.9
177	9	Sol4	G4	296	296	1	8	294	95	96		26
178	9	La4	A4	305	305	5	4	2941	95	96	yet 	27
179	53			0	0	0	0	0	0	0		27
180	9	Mi5b5	E5b5	331	331	3	8	882	95	96	ağ	27.3
181	9	Mi5b5	E5b5	331	331	1	4	588	95	96	la	27.5
182	9	Mi5b5	E5b5	331	331	1	8	294	99	96	rım 	27.6
183	9	Re5	D5	327	327	1	8	294	95	96		27.7
184	9	Re5	D5	327	327	1	4	588	99	96	ben 	27.9
185	9	Do5	C5	318	318	1	8	294	95	96		28
186	9	Do5	C5	318	318	1	4	588	99	96	ha	28.2
187	9	Si4b5	B4b5	309	309	1	8	294	95	96		28.3
188	9	Do5	C5	318	318	1	4	588	95	96	li	28.5
189	9	Re5	D5	327	327	5	8	1470	95	96	me  	29
190	53			0	0	0	0	0	0	0		29
191	9	Re5	D5	327	327	1	4	588	95	96	SAZ	29.2
192	9	Mi5b5	E5b5	331	331	1	8	294	95	96	.	29.3
193	9	Re5	D5	327	327	1	8	294	95	96	.	29.4
194	9	Do5	C5	318	318	1	8	294	95	96	.	29.5
195	9	Si4b5	B4b5	309	309	1	8	294	95	96	.	29.6
196	9	Do5	C5	318	318	1	8	294	95	96	.	29.7
197	9	Re5	D5	327	327	3	8	882	95	96	.	30
198	53			0	0	0	0	0	0	0		30
199	9	Re5	D5	327	327	3	8	882	95	96	Tit	30.3
200	9	Sol5	G5	349	349	1	4	588	95	96	re	30.5
201	9	Fa5#4	F5#4	344	344	1	8	294	99	96	rim 	30.6
202	9	Sol5	G5	349	349	1	8	294	99	96		30.7
203	9	La5	A5	358	358	1	4	588	99	96		30.9
204	9	Sol5	G5	349	349	1	8	294	95	96		31
205	9	Sol5	G5	349	349	5	8	1471	99	96	müc	31.5
206	9	Sol5	G5	349	349	1	8	294	99	96		31.6
207	9	Fa5	F5	340	340	1	8	294	99	96		31.7
208	9	Mi5b5	E5b5	331	331	1	8	294	99	96		31.8
209	9	Re5	D5	327	327	1	8	294	99	96		31.9
210	9	Do5	C5	318	318	1	8	294	95	96		32
211	53			0	0	0	0	0	0	0		32
212	9	Do5	C5	318	318	3	8	882	95	96	rim 	32.3
213	9	Re5	D5	327	327	1	8	294	99	96	gi	32.4
214	9	Mi5b5	E5b5	331	331	1	8	294	95	96		32.5
215	9	Re5	D5	327	327	1	8	294	99	96	bi 	32.6
216	9	Do5	C5	318	318	1	8	294	99	96		32.7
217	9	Si4b5	B4b5	309	309	1	8	294	99	96		32.8
218	9	La4	A4	305	305	1	8	294	99	96		32.9
219	9	Sol4	G4	296	296	1	8	294	95	96		33
220	9	La4	A4	305	305	5	8	1471	99	96	bak	33.5
221	53			0	0	0	0	0	0	0		33.5
222	9	La4	A4	305	305	1	8	294	99	96		33.6
223	9	Si4b5	B4b5	309	309	1	8	294	99	96		33.7
224	9	Do5	C5	318	318	1	8	294	99	96		33.8
225	9	Re5	D5	327	327	1	4	588	95	96		34
226	9	Si4b5	B4b5	309	309	1	4	588	99	96	tık	34.2
227	9	La4	A4	305	305	1	8	294	95	96		34.3
228	9	Sol4	G4	296	296	1	4	588	95	96	ça 	34.5
229	9	Mi5b5	E5b5	331	331	1	4	588	95	96	is	34.7
230	9	Re5	D5	327	327	1	4	588	99	96	tik	34.9
231	9	Do5	C5	318	318	1	8	294	95	96		35
232	9	Do5	C5	318	318	1	4	588	99	96	ba	35.2
233	9	Si4b5	B4b5	309	309	1	8	294	95	96		35.3
234	9	Do5	C5	318	318	1	4	588	95	96	li	35.5
235	9	Re5	D5	327	327	5	8	1470	95	96	me  	36
236	53			0	0	0	0	0	0	0		36
237	9	Re5	D5	327	327	1	4	588	95	96	SAZ	36.2
238	9	Mi5b5	E5b5	331	331	1	8	294	95	96	.	36.3
239	9	Re5	D5	327	327	1	8	294	95	96	.	36.4
240	9	Do5	C5	318	318	1	8	294	95	96	.	36.5
241	9	Si4b5	B4b5	309	309	1	8	294	95	96	.	36.6
242	9	Do5	C5	318	318	1	8	294	95	96	.	36.7
243	9	Re5	D5	327	327	3	8	882	95	96	.	37
244	53			0	0	0	0	0	0	0		37
245	9	Re5	D5	327	327	3	8	882	95	96	Tit	37.3
246	9	Sol5	G5	349	349	1	4	588	95	96	re	37.5
247	9	Fa5#4	F5#4	344	344	1	8	294	99	96	rim 	37.6
248	9	Sol5	G5	349	349	1	8	294	99	96		37.7
249	9	La5	A5	358	358	1	4	588	99	96		37.9
250	9	Sol5	G5	349	349	1	8	294	95	96		38
251	9	Sol5	G5	349	349	5	8	1471	99	96	müc	38.5
252	9	Sol5	G5	349	349	1	8	294	99	96		38.6
253	9	Fa5	F5	340	340	1	8	294	99	96		38.7
254	9	Mi5b5	E5b5	331	331	1	8	294	99	96		38.8
255	9	Re5	D5	327	327	1	8	294	99	96		38.9
256	9	Do5	C5	318	318	1	8	294	95	96		39
257	53			0	0	0	0	0	0	0		39
258	9	Do5	C5	318	318	3	8	882	95	96	rim 	39.3
259	9	Re5	D5	327	327	1	8	294	99	96	gi	39.4
260	9	Mi5b5	E5b5	331	331	1	8	294	95	96		39.5
261	9	Re5	D5	327	327	1	8	294	99	96	bi 	39.6
262	9	Do5	C5	318	318	1	8	294	99	96		39.7
263	9	Si4b5	B4b5	309	309	1	8	294	99	96		39.8
264	9	La4	A4	305	305	1	8	294	99	96		39.9
265	9	Sol4	G4	296	296	1	8	294	95	96		40
266	9	La4	A4	305	305	5	8	1471	99	96	bak	40.5
267	53			0	0	0	0	0	0	0		40.5
268	9	La4	A4	305	305	1	8	294	99	96		40.6
269	9	Si4b5	B4b5	309	309	1	8	294	99	96		40.7
270	9	Do5	C5	318	318	1	8	294	99	96		40.8
271	9	Re5	D5	327	327	1	4	588	95	96		41
272	9	Si4b5	B4b5	309	309	1	4	588	99	96	tık	41.2
273	9	La4	A4	305	305	1	8	294	95	96		41.3
274	9	Sol4	G4	296	296	1	4	588	95	96	ça 	41.5
275	9	Mi5b5	E5b5	331	331	1	4	588	95	96	is	41.7
276	9	Re5	D5	327	327	1	4	588	99	96	tik	41.9
277	9	Do5	C5	318	318	1	8	294	95	96		42
278	9	Si4b5	B4b5	309	309	1	4	588	99	96	ba	42.2
279	9	La4	A4	305	305	1	8	294	95	96		42.3
280	9	Sol4	G4	296	296	1	8	294	99	96	li	42.4
281	9	Fa4#4	F4#4	291	291	1	8	294	95	96		42.5
282	9	Sol4	G4	296	296	5	8	1470	95	96	me  	43
283	53			0	0	0	0	0	0	0		43
284	54			0	0	0	0	0	0	0	ussak@re5	43
285	9	Re5	D5	327	327	1	4	588	95	96	SAZ	43.2
286	9	Si5b5	B5b5	362	362	1	8	294	95	96	.	43.3
287	9	La5	A5	358	358	1	8	294	95	96	.	43.4
288	9	Sol5	G5	349	349	1	8	294	95	96	.	43.5
289	9	La5	A5	358	358	1	8	294	95	96	.	43.6
290	9	Fa5	F5	340	340	1	8	294	95	96	.	43.7
291	9	Sol5	G5	349	349	1	4	588	95	96	.	43.9
292	55			0	0	0	0	0	0	0		43.9
293	53			0	0	0	0	0	0	0		43.9
294	9			-1	-1	1	8	294	100	0		44
295	54			0	0	0	0	0	0	0	ussak@re5	44
296	9	Fa5	F5	340	340	3	8	882	95	96	Per	44.3
297	9	Sol5	G5	349	349	1	4	588	95	96	de 	44.5
298	9	Fa5	F5	340	340	1	8	294	99	96	i 	44.6
299	9	Sol5	G5	349	349	1	8	294	99	96		44.7
300	9	La5	A5	358	358	1	4	588	99	96		44.9
301	9	Sol5	G5	349	349	1	8	294	95	96		45
302	9	Sol5	G5	349	349	5	8	1471	99	96	zul	45.5
303	9	Sol5	G5	349	349	1	8	294	99	96		45.6
304	9	La5	A5	358	358	1	8	294	99	96		45.7
305	8	Sol5	G5	349	349	0	0	0	99	96		45.7
306	9	Fa5	F5	340	340	1	8	294	99	96		45.8
307	9	Mi5b1	E5b1	335	335	1	8	294	99	96		45.9
308	9	Re5	D5	327	327	1	8	294	95	96		46
309	9	La5	A5	358	358	1	4	588	99	96	met 	46.2
310	9	Sol5	G5	349	349	1	8	294	95	96		46.3
311	9	Sol5	G5	349	349	1	8	294	99	96	çe	46.4
312	9	Fa5	F5	340	340	1	8	294	95	96		46.5
313	9	Fa5	F5	340	340	1	8	294	99	96	kil	46.6
314	9	Mi5b1	E5b1	335	335	1	8	294	99	96		46.7
315	9	Mi5b1	E5b1	335	335	1	4	588	99	96		46.9
316	9	Re5	D5	327	327	1	8	294	95	96		47
317	9	Re5	D5	327	327	5	4	2941	95	96	miş 	48
318	55			0	0	0	0	0	0	0		48
319	9	Mi5b5	E5b5	331	331	3	8	882	95	96	kor	48.3
320	9	Mi5b5	E5b5	331	331	1	4	588	95	96	ka	48.5
321	9	Mi5b5	E5b5	331	331	1	8	294	99	96	rım 	48.6
322	9	Re5	D5	327	327	1	8	294	95	96		48.7
323	9	Re5	D5	327	327	1	4	588	99	96	ik	48.9
324	9	Do5	C5	318	318	1	8	294	95	96		49
325	9	Fa5	F5	340	340	1	8	294	99	96	ba	49.1
326	9	Sol5	G5	349	349	1	8	294	99	96		49.2
327	9	La5	A5	358	358	1	8	294	95	96		49.3
328	8	Si5b5	B5b5	362	362	0	0	0	95	96		49.3
329	9	La5	A5	358	358	1	8	294	99	96	li	49.4
330	9	Sol5	G5	349	349	1	8	294	95	96		49.5
331	9	Sol5	G5	349	349	1	8	294	99	96	me  	49.6
332	9	Fa5	F5	340	340	1	8	294	99	96		49.7
333	9	Sol5	G5	349	349	3	8	882	95	96		50
334	53			0	0	0	0	0	0	0		50
335	9	Re5	D5	327	327	1	4	588	95	96	SAZ	50.2
336	9	Si5b5	B5b5	362	362	1	8	294	95	96	.	50.3
337	9	La5	A5	358	358	1	8	294	95	96	.	50.4
338	9	Sol5	G5	349	349	1	8	294	95	96	.	50.5
339	9	La5	A5	358	358	1	8	294	95	96	.	50.6
340	9	Fa5	F5	340	340	1	8	294	95	96	.	50.7
341	9	Sol5	G5	349	349	1	4	588	95	96	.	50.9
342	9			-1	-1	1	8	294	100	0		51
343	53			0	0	0	0	0	0	0		51
344	54			0	0	0	0	0	0	0	ussak@re5	51
345	9	Fa5	F5	340	340	3	8	882	95	96	Per	51.3
346	9	Sol5	G5	349	349	1	4	588	95	96	de 	51.5
347	9	Fa5	F5	340	340	1	8	294	99	96	i 	51.6
348	9	Sol5	G5	349	349	1	8	294	99	96		51.7
349	9	La5	A5	358	358	1	4	588	99	96		51.9
350	9	Sol5	G5	349	349	1	8	294	95	96		52
351	9	Sol5	G5	349	349	5	8	1471	99	96	zul	52.5
352	9	Sol5	G5	349	349	1	8	294	99	96		52.6
353	9	La5	A5	358	358	1	8	294	99	96		52.7
354	8	Sol5	G5	349	349	0	0	0	99	96		52.7
355	9	Fa5	F5	340	340	1	8	294	99	96		52.8
356	9	Mi5b1	E5b1	335	335	1	8	294	99	96		52.9
357	9	Re5	D5	327	327	1	8	294	95	96		53
358	9	La5	A5	358	358	1	4	588	99	96	met 	53.2
359	9	Sol5	G5	349	349	1	8	294	95	96		53.3
360	9	Sol5	G5	349	349	1	8	294	99	96	çe	53.4
361	9	Fa5	F5	340	340	1	8	294	95	96		53.5
362	9	Fa5	F5	340	340	1	8	294	99	96	kil	53.6
363	9	Mi5b1	E5b1	335	335	1	8	294	99	96		53.7
364	9	Mi5b1	E5b1	335	335	1	4	588	99	96		53.9
365	9	Re5	D5	327	327	1	8	294	95	96		54
366	9	Re5	D5	327	327	5	4	2941	95	96	miş 	55
367	55			0	0	0	0	0	0	0		55
368	9	Mi5b5	E5b5	331	331	3	8	882	95	96	kor	55.3
369	9	Mi5b5	E5b5	331	331	1	4	588	95	96	ka	55.5
370	9	Mi5b5	E5b5	331	331	1	8	294	99	96	rım 	55.6
371	9	Re5	D5	327	327	1	8	294	95	96		55.7
372	9	Re5	D5	327	327	1	4	588	99	96	ik	55.9
373	9	Do5	C5	318	318	1	8	294	95	96		56
374	9	Do5	C5	318	318	1	4	588	99	96	ba	56.2
375	9	Si4b5	B4b5	309	309	1	8	294	95	96		56.3
376	9	Do5	C5	318	318	1	8	294	99	96	li	56.4
377	9	Re5	D5	327	327	1	8	294	95	96		56.5
378	9	Re5	D5	327	327	5	8	1470	95	96	me  	57
379	53			0	0	0	0	0	0	0		57
380	9	Re5	D5	327	327	1	4	588	95	96	SAZ	57.2
381	9	Mi5b5	E5b5	331	331	1	8	294	95	96	.	57.3
382	9	Re5	D5	327	327	1	8	294	95	96	.	57.4
383	9	Do5	C5	318	318	1	8	294	95	96	.	57.5
384	9	Si4b5	B4b5	309	309	1	8	294	95	96	.	57.6
385	9	Do5	C5	318	318	1	8	294	95	96	.	57.7
386	9	Re5	D5	327	327	3	8	882	95	96	.	58
387	53			0	0	0	0	0	0	0		58
388	9	Re5	D5	327	327	3	8	882	95	96	Tit	58.3
389	9	Sol5	G5	349	349	1	4	588	95	96	re	58.5
390	9	Fa5#4	F5#4	344	344	1	8	294	99	96	rim 	58.6
391	9	Sol5	G5	349	349	1	8	294	99	96		58.7
392	9	La5	A5	358	358	1	4	588	99	96		58.9
393	9	Sol5	G5	349	349	1	8	294	95	96		59
394	9	Sol5	G5	349	349	5	8	1471	99	96	müc	59.5
395	9	Sol5	G5	349	349	1	8	294	99	96		59.6
396	9	Fa5	F5	340	340	1	8	294	99	96		59.7
397	9	Mi5b5	E5b5	331	331	1	8	294	99	96		59.8
398	9	Re5	D5	327	327	1	8	294	99	96		59.9
399	9	Do5	C5	318	318	1	8	294	95	96		60
400	53			0	0	0	0	0	0	0		60
401	9	Do5	C5	318	318	3	8	882	95	96	rim 	60.3
402	9	Re5	D5	327	327	1	8	294	99	96	gi	60.4
403	9	Mi5b5	E5b5	331	331	1	8	294	95	96		60.5
404	9	Re5	D5	327	327	1	8	294	99	96	bi 	60.6
405	9	Do5	C5	318	318	1	8	294	99	96		60.7
406	9	Si4b5	B4b5	309	309	1	8	294	99	96		60.8
407	9	La4	A4	305	305	1	8	294	99	96		60.9
408	9	Sol4	G4	296	296	1	8	294	95	96		61
409	9	La4	A4	305	305	5	8	1471	99	96	bak	61.5
410	53			0	0	0	0	0	0	0		61.5
411	9	La4	A4	305	305	1	8	294	99	96		61.6
412	9	Si4b5	B4b5	309	309	1	8	294	99	96		61.7
413	9	Do5	C5	318	318	1	8	294	99	96		61.8
414	9	Re5	D5	327	327	1	4	588	95	96		62
415	9	Si4b5	B4b5	309	309	1	4	588	99	96	tık	62.2
416	9	La4	A4	305	305	1	8	294	95	96		62.3
417	9	Sol4	G4	296	296	1	4	588	95	96	ça 	62.5
418	9	Mi5b5	E5b5	331	331	1	4	588	95	96	is	62.7
419	9	Re5	D5	327	327	1	4	588	99	96	tik	62.9
420	9	Do5	C5	318	318	1	8	294	95	96		63
421	9	Do5	C5	318	318	1	4	588	99	96	ba	63.2
422	9	Si4b5	B4b5	309	309	1	8	294	95	96		63.3
423	9	Do5	C5	318	318	1	4	588	95	96	li	63.5
424	9	Re5	D5	327	327	5	8	1470	95	96	me  	64
425	53			0	0	0	0	0	0	0		64
426	9	Re5	D5	327	327	1	4	588	95	96	SAZ	64.2
427	9	Mi5b5	E5b5	331	331	1	8	294	95	96	.	64.3
428	9	Re5	D5	327	327	1	8	294	95	96	.	64.4
429	9	Do5	C5	318	318	1	8	294	95	96	.	64.5
430	9	Si4b5	B4b5	309	309	1	8	294	95	96	.	64.6
431	9	Do5	C5	318	318	1	8	294	95	96	.	64.7
432	9	Re5	D5	327	327	3	8	882	95	96	.	65
433	53			0	0	0	0	0	0	0		65
434	9	Re5	D5	327	327	3	8	882	95	96	Tit	65.3
435	9	Sol5	G5	349	349	1	4	588	95	96	re	65.5
436	9	Fa5#4	F5#4	344	344	1	8	294	99	96	rim 	65.6
437	9	Sol5	G5	349	349	1	8	294	99	96		65.7
438	9	La5	A5	358	358	1	4	588	99	96		65.9
439	9	Sol5	G5	349	349	1	8	294	95	96		66
440	9	Sol5	G5	349	349	5	8	1471	99	96	müc	66.5
441	9	Sol5	G5	349	349	1	8	294	99	96		66.6
442	9	Fa5	F5	340	340	1	8	294	99	96		66.7
443	9	Mi5b5	E5b5	331	331	1	8	294	99	96		66.8
444	9	Re5	D5	327	327	1	8	294	99	96		66.9
445	9	Do5	C5	318	318	1	8	294	95	96		67
446	53			0	0	0	0	0	0	0		67
447	9	Do5	C5	318	318	3	8	882	95	96	rim 	67.3
448	9	Re5	D5	327	327	1	8	294	99	96	gi	67.4
449	9	Mi5b5	E5b5	331	331	1	8	294	95	96		67.5
450	9	Re5	D5	327	327	1	8	294	99	96	bi 	67.6
451	9	Do5	C5	318	318	1	8	294	99	96		67.7
452	9	Si4b5	B4b5	309	309	1	8	294	99	96		67.8
453	9	La4	A4	305	305	1	8	294	99	96		67.9
454	9	Sol4	G4	296	296	1	8	294	95	96		68
455	9	La4	A4	305	305	5	8	1471	99	96	bak	68.5
456	53			0	0	0	0	0	0	0		68.5
457	9	La4	A4	305	305	1	8	294	99	96		68.6
458	9	Si4b5	B4b5	309	309	1	8	294	99	96		68.7
459	9	Do5	C5	318	318	1	8	294	99	96		68.8
460	9	Re5	D5	327	327	1	4	588	95	96		69
461	9	Si4b5	B4b5	309	309	1	4	588	99	96	tık	69.2
462	9	La4	A4	305	305	1	8	294	95	96		69.3
463	9	Sol4	G4	296	296	1	4	588	95	96	ça 	69.5
464	9	Mi5b5	E5b5	331	331	1	4	588	95	96	is	69.7
465	9	Re5	D5	327	327	1	4	588	99	96	tik	69.9
466	9	Do5	C5	318	318	1	8	294	95	96		70
467	9	Si4b5	B4b5	309	309	1	4	588	99	96	ba	70.2
468	9	La4	A4	305	305	1	8	294	95	96		70.3
469	9	Sol4	G4	296	296	1	8	294	99	96	li	70.4
470	9	Fa4#4	F4#4	291	291	1	8	294	95	96		70.5
471	9	Sol4	G4	296	296	5	8	1470	95	96	me  	71
472	53			0	0	0	0	0	0	0		71
